Instance 3		m=2	n=10							
										
Setup time	1	2	3	4	5	6	7	8	9	10
1		53	87	92	83	36	32	15	91	37
2	69		58	42	76	70	59	4	46	27
3	64	53		7	5	76	5	5	27	32
4	19	8	43		29	37	65	26	12	97
5	84	50	33	62		38	93	74	79	83
6	19	32	90	94	43		82	97	21	46
7	22	17	75	23	94	33		16	69	68
8	29	97	21	93	24	5	74		61	40
9	37	97	20	4	35	62	76	66		58
10	67	14	82	68	98	58	30	36	1	
										
Processing Time	84	57	88	60	79	123	114	115	95	79
										
Machine availability	Jobs 1, 3, 5, 7	Machine 1
Machine availability	Jobs 4, 6	Machine 2