Instance 4		m=2	n=10							
										
Setup time	1	2	3	4	5	6	7	8	9	10
1		8	15	3	88	39	49	55	69	19
2	91		22	23	67	33	6	98	89	33
3	55	30		40	71	5	66	26	10	57
4	59	95	27		89	67	89	3	47	66
5	100	81	100	14		82	19	5	73	37
6	49	90	65	15	88		54	14	8	39
7	3	4	79	67	48	13		37	15	94
8	7	47	90	24	24	78	10		35	14
9	37	23	7	91	69	69	43	67		54
10	93	49	28	62	99	58	49	65	89	
										
Processing Time	128	137	51	104	52	99	146	66	94	68
										
Machine availability	Jobs 1, 4, 5	¡æ	{M1}
Machine availability	Jobs 8, 9, 10	¡æ	{M2}